arrayOutput1 = {
 14.14, 13.45, 12.81, 12.21, 11.66, 11.18, 10.77, 10.44, 10.20, 10.05, 10.05, 10.20, 10.44, 10.77, 11.18, 11.66, 12.21, 12.81, 13.45, 14.14,
 13.45, 12.73, 12.04, 11.40, 10.82, 10.30, 9.85, 9.49, 9.22, 9.06, 9.06, 9.22, 9.49, 9.85, 10.30, 10.82, 11.40, 12.04, 12.73, 13.45,
 12.81, 12.04, 11.31, 10.63, 10.00, 9.43, 8.94, 8.54, 8.25, 8.06, 8.06, 8.25, 8.54, 8.94, 9.43, 10.00, 10.63, 11.31, 12.04, 12.81,
 12.21, 11.40, 10.63, 9.90, 9.22, 8.60, 8.06, 7.62, 7.28, 7.07, 7.07, 7.28, 7.62, 8.06, 8.60, 9.22, 9.90, 10.63, 11.40, 12.21,
 11.66, 10.82, 10.00, 9.22, 8.49, 7.81, 7.21, 6.71, 6.32, 6.08, 6.08, 6.32, 6.71, 7.21, 7.81, 8.49, 9.22, 10.00, 10.82, 11.66,
 11.18, 10.30, 9.43, 8.60, 7.81, 7.07, 6.40, 5.83, 5.39, 5.10, 5.10, 5.39, 5.83, 6.40, 7.07, 7.81, 8.60, 9.43, 10.30, 11.18,
 10.77, 9.85, 8.94, 8.06, 7.21, 6.40, 5.66, 5.00, 4.47, 4.12, 4.12, 4.47, 5.00, 5.66, 6.40, 7.21, 8.06, 8.94, 9.85, 10.77,
 10.44, 9.49, 8.54, 7.62, 6.71, 5.83, 5.00, 4.24, 3.61, 3.16, 3.16, 3.61, 4.24, 5.00, 5.83, 6.71, 7.62, 8.54, 9.49, 10.44,
 10.20, 9.22, 8.25, 7.28, 6.32, 5.39, 4.47, 3.61, 2.83, 2.24, 2.24, 2.83, 3.61, 4.47, 5.39, 6.32, 7.28, 8.25, 9.22, 10.20,
 10.05, 9.06, 8.06, 7.07, 6.08, 5.10, 4.12, 3.16, 2.24, 1.41, 1.41, 2.24, 3.16, 4.12, 5.10, 6.08, 7.07, 8.06, 9.06, 10.05,
 10.05, 9.06, 8.06, 7.07, 6.08, 5.10, 4.12, 3.16, 2.24, 1.41, 1.41, 2.24, 3.16, 4.12, 5.10, 6.08, 7.07, 8.06, 9.06, 10.05,
 10.20, 9.22, 8.25, 7.28, 6.32, 5.39, 4.47, 3.61, 2.83, 2.24, 2.24, 2.83, 3.61, 4.47, 5.39, 6.32, 7.28, 8.25, 9.22, 10.20,
 10.44, 9.49, 8.54, 7.62, 6.71, 5.83, 5.00, 4.24, 3.61, 3.16, 3.16, 3.61, 4.24, 5.00, 5.83, 6.71, 7.62, 8.54, 9.49, 10.44,
 10.77, 9.85, 8.94, 8.06, 7.21, 6.40, 5.66, 5.00, 4.47, 4.12, 4.12, 4.47, 5.00, 5.66, 6.40, 7.21, 8.06, 8.94, 9.85, 10.77,
 11.18, 10.30, 9.43, 8.60, 7.81, 7.07, 6.40, 5.83, 5.39, 5.10, 5.10, 5.39, 5.83, 6.40, 7.07, 7.81, 8.60, 9.43, 10.30, 11.18,
 11.66, 10.82, 10.00, 9.22, 8.49, 7.81, 7.21, 6.71, 6.32, 6.08, 6.08, 6.32, 6.71, 7.21, 7.81, 8.49, 9.22, 10.00, 10.82, 11.66,
 12.21, 11.40, 10.63, 9.90, 9.22, 8.60, 8.06, 7.62, 7.28, 7.07, 7.07, 7.28, 7.62, 8.06, 8.60, 9.22, 9.90, 10.63, 11.40, 12.21,
 12.81, 12.04, 11.31, 10.63, 10.00, 9.43, 8.94, 8.54, 8.25, 8.06, 8.06, 8.25, 8.54, 8.94, 9.43, 10.00, 10.63, 11.31, 12.04, 12.81,
 13.45, 12.73, 12.04, 11.40, 10.82, 10.30, 9.85, 9.49, 9.22, 9.06, 9.06, 9.22, 9.49, 9.85, 10.30, 10.82, 11.40, 12.04, 12.73, 13.45,
 14.14, 13.45, 12.81, 12.21, 11.66, 11.18, 10.77, 10.44, 10.20, 10.05, 10.05, 10.20, 10.44, 10.77, 11.18, 11.66, 12.21, 12.81, 13.45, 14.14
}


arrayOutput2 = {
 135.00, 131.99, 128.66, 124.99, 120.96, 116.56, 111.80, 106.70, 101.31, 95.71, 84.29, 78.69, 73.30, 68.20, 63.43, 59.04, 55.01, 51.34, 48.01, 45.00,
 138.01, 135.00, 131.63, 127.87, 123.69, 119.05, 113.96, 108.43, 102.53, 96.34, 83.66, 77.47, 71.56, 66.04, 60.95, 56.31, 52.12, 48.37, 45.00, 41.99,
 141.34, 138.37, 135.00, 131.19, 126.87, 122.01, 116.56, 110.56, 104.04, 97.12, 82.87, 75.96, 69.44, 63.43, 57.99, 53.13, 48.81, 45.00, 41.63, 38.66,
 145.01, 142.12, 138.81, 135.00, 130.60, 125.54, 119.74, 113.20, 105.95, 98.13, 81.87, 74.05, 66.80, 60.25, 54.46, 49.40, 45.00, 41.19, 37.87, 34.99,
 149.04, 146.31, 143.13, 139.40, 135.00, 129.81, 123.69, 116.56, 108.43, 99.46, 80.54, 71.56, 63.43, 56.31, 50.19, 45.00, 40.60, 36.87, 33.69, 30.96,
 153.43, 150.95, 147.99, 144.46, 140.19, 135.00, 128.66, 120.96, 111.80, 101.31, 78.69, 68.20, 59.04, 51.34, 45.00, 39.81, 35.54, 32.01, 29.05, 26.56,
 158.20, 156.04, 153.43, 150.25, 146.31, 141.34, 135.00, 126.87, 116.56, 104.04, 75.96, 63.43, 53.13, 45.00, 38.66, 33.69, 29.74, 26.56, 23.96, 21.80,
 163.30, 161.56, 159.44, 156.80, 153.43, 149.04, 143.13, 135.00, 123.69, 108.43, 71.56, 56.31, 45.00, 36.87, 30.96, 26.56, 23.20, 20.56, 18.43, 16.70,
 168.69, 167.47, 165.96, 164.05, 161.56, 158.20, 153.43, 146.31, 135.00, 116.56, 63.43, 45.00, 33.69, 26.56, 21.80, 18.43, 15.95, 14.04, 12.53, 11.31,
 174.29, 173.66, 172.87, 171.87, 170.54, 168.69, 165.96, 161.56, 153.43, 135.00, 45.00, 26.56, 18.43, 14.04, 11.31, 9.46, 8.13, 7.12, 6.34, 5.71,
 185.71, 186.34, 187.13, 188.13, 189.46, 191.31, 194.04, 198.44, 206.57, 225.00, 315.00, 333.43, 341.57, 345.96, 348.69, 350.54, 351.87, 352.88, 353.66, 354.29,
 191.31, 192.53, 194.04, 195.95, 198.44, 201.80, 206.57, 213.69, 225.00, 243.44, 296.57, 315.00, 326.31, 333.43, 338.20, 341.57, 344.05, 345.96, 347.47, 348.69,
 196.70, 198.44, 200.56, 203.20, 206.57, 210.96, 216.87, 225.00, 236.31, 251.57, 288.44, 303.69, 315.00, 323.13, 329.04, 333.43, 336.80, 339.44, 341.57, 343.30,
 201.80, 203.96, 206.57, 209.75, 213.69, 218.66, 225.00, 233.13, 243.44, 255.96, 284.04, 296.57, 306.87, 315.00, 321.34, 326.31, 330.26, 333.43, 336.04, 338.20,
 206.57, 209.05, 212.01, 215.54, 219.81, 225.00, 231.34, 239.04, 248.20, 258.69, 281.31, 291.80, 300.96, 308.66, 315.00, 320.19, 324.46, 327.99, 330.95, 333.43,
 210.96, 213.69, 216.87, 220.60, 225.00, 230.19, 236.31, 243.44, 251.57, 260.54, 279.46, 288.44, 296.57, 303.69, 309.81, 315.00, 319.40, 323.13, 326.31, 329.04,
 214.99, 217.88, 221.19, 225.00, 229.40, 234.46, 240.26, 246.80, 254.05, 261.87, 278.13, 285.95, 293.20, 299.75, 305.54, 310.60, 315.00, 318.81, 322.13, 325.01,
 218.66, 221.63, 225.00, 228.81, 233.13, 237.99, 243.44, 249.44, 255.96, 262.88, 277.13, 284.04, 290.56, 296.57, 302.01, 306.87, 311.19, 315.00, 318.37, 321.34,
 221.99, 225.00, 228.37, 232.13, 236.31, 240.95, 246.04, 251.57, 257.47, 263.66, 276.34, 282.53, 288.44, 293.96, 299.05, 303.69, 307.88, 311.63, 315.00, 318.01,
 225.00, 228.01, 231.34, 235.01, 239.04, 243.44, 248.20, 253.30, 258.69, 264.29, 275.71, 281.31, 286.70, 291.80, 296.57, 300.96, 304.99, 308.66, 311.99, 315.00
}


arrayOutput3 = {
14 ,13 ,12 ,12 ,11 ,11 ,10 ,10 ,10 ,10 ,10 ,10 ,10 ,10 ,11 ,11 ,12 ,12 ,13 ,14 ,
13 ,12 ,12 ,11 ,10 ,10 ,9 ,9 ,9 ,9 ,9 ,9 ,9 ,9 ,10 ,10 ,11 ,12 ,12 ,13 ,
12 ,12 ,11 ,10 ,10 ,9 ,8 ,8 ,8 ,8 ,8 ,8 ,8 ,8 ,9 ,10 ,10 ,11 ,12 ,12 ,
12 ,11 ,10 ,9 ,9 ,8 ,8 ,7 ,7 ,7 ,7 ,7 ,7 ,8 ,8 ,9 ,9 ,10 ,11 ,12 ,
11 ,10 ,10 ,9 ,8 ,7 ,7 ,6 ,6 ,6 ,6 ,6 ,6 ,7 ,7 ,8 ,9 ,10 ,10 ,11 ,
11 ,10 ,9 ,8 ,7 ,7 ,6 ,5 ,5 ,5 ,5 ,5 ,5 ,6 ,7 ,7 ,8 ,9 ,10 ,11 ,
10 ,9 ,8 ,8 ,7 ,6 ,5 ,5 ,4 ,4 ,4 ,4 ,5 ,5 ,6 ,7 ,8 ,8 ,9 ,10 ,
10 ,9 ,8 ,7 ,6 ,5 ,5 ,4 ,3 ,3 ,3 ,3 ,4 ,5 ,5 ,6 ,7 ,8 ,9 ,10 ,
10 ,9 ,8 ,7 ,6 ,5 ,4 ,3 ,2 ,2 ,2 ,2 ,3 ,4 ,5 ,6 ,7 ,8 ,9 ,10 ,
10 ,9 ,8 ,7 ,6 ,5 ,4 ,3 ,2 ,1 ,1 ,2 ,3 ,4 ,5 ,6 ,7 ,8 ,9 ,10 ,
10 ,9 ,8 ,7 ,6 ,5 ,4 ,3 ,2 ,1 ,1 ,2 ,3 ,4 ,5 ,6 ,7 ,8 ,9 ,10 ,
10 ,9 ,8 ,7 ,6 ,5 ,4 ,3 ,2 ,2 ,2 ,2 ,3 ,4 ,5 ,6 ,7 ,8 ,9 ,10 ,
10 ,9 ,8 ,7 ,6 ,5 ,5 ,4 ,3 ,3 ,3 ,3 ,4 ,5 ,5 ,6 ,7 ,8 ,9 ,10 ,
10 ,9 ,8 ,8 ,7 ,6 ,5 ,5 ,4 ,4 ,4 ,4 ,5 ,5 ,6 ,7 ,8 ,8 ,9 ,10 ,
11 ,10 ,9 ,8 ,7 ,7 ,6 ,5 ,5 ,5 ,5 ,5 ,5 ,6 ,7 ,7 ,8 ,9 ,10 ,11 ,
11 ,10 ,10 ,9 ,8 ,7 ,7 ,6 ,6 ,6 ,6 ,6 ,6 ,7 ,7 ,8 ,9 ,10 ,10 ,11 ,
12 ,11 ,10 ,9 ,9 ,8 ,8 ,7 ,7 ,7 ,7 ,7 ,7 ,8 ,8 ,9 ,9 ,10 ,11 ,12 ,
12 ,12 ,11 ,10 ,10 ,9 ,8 ,8 ,8 ,8 ,8 ,8 ,8 ,8 ,9 ,10 ,10 ,11 ,12 ,12 ,
13 ,12 ,12 ,11 ,10 ,10 ,9 ,9 ,9 ,9 ,9 ,9 ,9 ,9 ,10 ,10 ,11 ,12 ,12 ,13 ,
14 ,13 ,12 ,12 ,11 ,11 ,10 ,10 ,10 ,10 ,10 ,10 ,10 ,10 ,11 ,11 ,12 ,12 ,13 ,14 
}